NAME: ch1502
COMMENT: Length 7226 /8310
TYPE: TOUR
DIMENSION: 150
TOUR_SECTION
91
119
68
128
4
104
22
125
149
62
3
94
88
121
79
59
16
133
111
105
33
126
52
93
35
96
89
124
8
7
84
30
63
10
113
48
73
76
87
34
1
98
103
82
95
107
5
100
143
97
18
142
85
75
26
146
56
90
83
65
132
137
70
135
50
55
58
141
81
29
86
108
102
114
99
19
2
37
6
28
9
42
120
139
47
110
25
20
51
138
46
92
54
134
109
43
67
116
101
41
57
39
127
69
118
24
12
53
40
36
61
11
148
130
17
66
60
140
117
27
31
129
144
147
49
23
38
32
131
77
122
14
80
15
78
21
150
115
45
71
44
64
72
145
123
74
136
112
13
106
-1
EOF