NAME: u23error
COMMENT: Length 13297
TYPE: TOUR
DIMENSION: 436
TOUR_SECTION
295
297
296
272
294
273
271
269
267
265
288
290
292
270
268
266
264
262
286
263
284
260
258
256
280
259
257
278
255
253
251
250
252
254
276
274
379
378
377
376
397
417
0
0
0
411
410
384
409
248
224
225
249
247
246
223
245
244
221
243
242
219
218
216
240
241
217
239
215
237
213
235
211
234
236
238
214
212
210
208
232
233
209
231
230
207
229
227
226
204
206
228
205
203
202
368
367
393
392
391
408
407
406
381
390
0
0
0
389
401
388
400
402
403
404
405
382
383
366
103
72
60
65
69
73
77
78
84
66
67
63
70
64
74
85
79
86
80
75
61
59
0
0
0
0
0
51
52
57
55
54
50
48
43
41
38
36
34
46
0
0
0
47
44
45
39
21
5
6
7
16
10
18
19
25
22
32
24
26
31
28
20
13
27
3
2
4
12
17
11
9
0
0
0
0
0
351
350
334
349
8
1
309
310
311
312
313
336
335
0
0
0
353
354
326
357
337
315
327
314
325
0
0
0
163
185
161
183
181
179
0
0
0
0
0
155
339
338
316
317
178
156
157
180
158
159
182
160
162
164
188
167
166
190
168
192
170
194
172
196
174
201
0
0
0
0
0
177
199
175
197
173
195
171
193
169
191
189
187
165
186
0
0
0
0
0
0
0
15
14
30
29
23
152
129
150
127
125
123
121
144
146
148
126
124
122
120
118
142
119
140
116
138
117
115
136
114
112
134
113
111
132
110
108
109
130
107
306
305
304
345
343
330
329
342
341
340
298
299
328
320
300
301
302
344
321
303
322
346
323
331
332
333
131
133
135
137
139
141
143
145
147
149
151
153
37
33
35
40
53
56
58
62
93
89
90
94
87
82
83
91
88
95
76
101
99
98
100
92
81
68
71
97
96
102
104
105
371
372
373
0
414
385
413
412
396
395
0
0
0
0
0
0
0
0
0
0
416
415
386
387
375
398
399
275
277
279
281
283
282
261
285
287
289
291
293
-1
EOF